((("foreach" .
   [0 0 0 0 0 0 1])
  ("curr" .
   [1 0 0 0])
  ("ife" .
   [0 0 1])
  ("lowcase" .
   [0 0 0 0 1 4 0])
  ("upcase" .
   [2 0 3 0 4 0])
  ("EPS" .
   [1 0 0])
  ("newline-and-indent" .
   [0 0 0 0 0 0 0 0 1 0 0 0 0 0 0 0 0 0])
  ("define-key" .
   [0 0 0 0 0 0 0 0 0 1])
  ("lambda" .
   [1 0 0 0 0 0])
  ("add-hook" .
   [0 0 0 0 0 0 0 1])
  ("auto-mode-alist" .
   [0 0 0 0 0 0 0 0 0 0 0 0 0 0 1])
  ("add-to-list" .
   [0 0 0 0 0 0 0 0 0 0 1])
  ("yaml-mode" .
   [0 0 0 0 2 0 0 0 1])
  ("setq-default" .
   [0 0 0 0 0 0 0 0 0 0 0 2])
  ("toggle-truncate-lines" .
   [0 0 0 0 0 0 0 0 0 0 1 0 0 0 0 0 0 0 0 0 0])
  ("require" .
   [1 0 0 0 1 0 0])
  ("ido-mode" .
   [1 0 0 0 0 0 0 0])
  ("buttons" .
   [0 0 0 0 0 0 1])
  ("Ajax" .
   [0 0 0 2])
  ("flow" .
   [1 0 0 0])
  ("first_flow" .
   [0 0 0 0 0 1 0 0 0 0])
  ("where" .
   [2 0 0 0 0])
  ("next" .
   [3 0 0 0])
  ("capacity" .
   [0 0 0 0 6 1 1 0])
  ("pot" .
   [9 0 0])
  ("main" .
   [1 0 0 0])
  ("32" .
   [2 0])
  ("ok" .
   [3 0])
  ("unsigned" .
   [0 0 0 1 0 0 0 0])
  ("moves" .
   [3 0 0 0 0])
  ("move" .
   [3 0 0 0])
  ("substr" .
   [1 0 0 0 0 0])
  ("changes" .
   [0 0 0 0 0 2 0])
  ("c_str" .
   [1 0 0 0 0])
  ("atoi" .
   [1 0 0 0])
  ("ostringstream" .
   [0 0 0 0 0 0 1 0 0 0 0 0 0])
  ("perm" .
   [2 0 0 0])
  ("checked" .
   [2 0 2 10 1 0 0])
  ("oss" .
   [6 0 0])
  ("os" .
   [1 0])
  ("iss" .
   [1 0 0])
  ("9000" .
   [1 0 0 0])
  ("interval" .
   [5 0 0 0 0 0 0 0])
  ("intervals" .
   [2 0 0 0 1 2 0 0 0])
  ("9001" .
   [2 0 0 0])
  ("upperBound" .
   [0 0 0 0 0 0 1 0 0 0])
  ("lowerBound" .
   [0 0 0 0 0 1 1 0 0 0])
  ("subset" .
   [1 0 0 0 1 0])
  ("dest" .
   [1 0 0 0])
  ("cityB" .
   [6 0 0 0 0])
  ("cityA" .
   [0 0 3 4 3])
  ("new" .
   [1 0 0])
  ("rigth" .
   [0 0 2 1 0])
  ("root" .
   [5 0 0 0])
  ("Tree" .
   [10 0 0 0])
  ("queue" .
   [0 0 0 1 1])
  ("bfs" .
   [4 0 0])
  ("18" .
   [1 0])
  ("20" .
   [4 0])
  ("PriorityQueue" .
   [0 0 0 0 1 0 0 0 0 0 0 0 0])
  ("secondway" .
   [0 0 0 0 0 0 0 0 1])
  ("used" .
   [7 0 0 1])
  ("make_pair" .
   [3 0 0 0 1 0 3 0 0])
  ("unionSet" .
   [0 0 0 0 0 0 0 1])
  ("State" .
   [2 0 0 0 1])
  ("nc" .
   [1 0])
  ("nr" .
   [1 0])
  ("distances" .
   [0 0 0 2 1 0 0 0 0])
  ("inline" .
   [8 0 0 0 0 0])
  ("spent" .
   [2 0 0 0 0])
  ("timeval" .
   [2 0 0 0 0 0 0])
  ("speed" .
   [3 0 0 1 0])
  ("xint" .
   [2 0 0 0])
  ("tmru" .
   [2 0 0 0])
  ("tend" .
   [3 0 1 0])
  ("reach" .
   [1 0 0 0 1])
  ("inidist" .
   [0 0 0 1 0 1 0])
  ("tvmax" .
   [1 0 0 0 0])
  ("time" .
   [6 0 0 0])
  ("vini" .
   [1 0 0 0])
  ("vmax" .
   [4 0 0 0])
  ("tini" .
   [2 0 0 0])
  ("tint" .
   [2 0 0 0])
  ("vi" .
   [1 0])
  ("mapping" .
   [2 0 0 3 5 0 0])
  ("500" .
   [1 0 0])
  ("puts" .
   [8 0 0 0])
  ("message" .
   [0 0 0 2 2 0 0])
  ("limit" .
   [1 0 0 0 0])
  ("row" .
   [4 0 0])
  ("reverse" .
   [1 0 0 1 3 2 0])
  ("205" .
   [1 0 0])
  ("__gcd" .
   [1 0 0 0 0])
  ("prime" .
   [2 0 0 0 0])
  ("//bin/" .
   [0 0 1 0 0 0])
  ("triangleArea" .
   [0 0 0 1 0 1 0 0 0 0 0 0])
  ("dx1" .
   [1 0 0])
  ("dy1" .
   [1 0 0])
  ("dy2" .
   [2 0 0])
  ("dx2" .
   [1 0 0])
  ("Point" .
   [7 0 1 2 2])
  ("det" .
   [5 0 0])
  ("all" .
   [1 0 0])
  ("role" .
   [0 0 0 1])
  ("rolls" .
   [6 0 0 0 0])
  ("std" .
   [6 0 0])
  ("cntd" .
   [5 0 0 0])
  ("cntc" .
   [6 0 0 0])
  ("swap" .
   [1 0 0 0])
  ("finish" .
   [0 0 0 0 2 0])
  ("files" .
   [12 0 0 0 0])
  ("100" .
   [5 0 0])
  ("yc" .
   [4 0])
  ("dy" .
   [5 0])
  ("xc" .
   [4 0])
  ("dx" .
   [5 0])
  ("fact" .
   [17 0 0 1])
  ("sync_with_stdio" .
   [0 0 2 0 1 0 0 0 0 0 0 0 0 0 0])
  ("mod" .
   [2 0 0])
  ("letters" .
   [0 0 1 1 0 0 0])
  ("name" .
   [2 0 0 1])
  ("char" .
   [20 0 0 0])
  ("st" .
   [1 0])
  ("erase" .
   [1 0 0 0 0])
  ("total" .
   [8 0 0 0 0])
  ("cp" .
   [1 0])
  ("words" .
   [0 0 0 0 1])
  ("word" .
   [10 0 2 2])
  ("answer" .
   [0 0 0 7 3 0])
  ("maxElement" .
   [0 0 0 0 0 1 0 0 0 0])
  ("weight" .
   [0 0 0 2 0 3])
  ("well" .
   [0 0 1 0])
  ("mult" .
   [4 0 1 0])
  ("set" .
   [10 0 0])
  ("terminal" .
   [1 0 0 0 1 2 1 1])
  ("ends" .
   [3 0 0 0])
  ("endfound" .
   [0 0 0 0 1 0 0 1])
  ("cost" .
   [10 0 0 0])
  ("trans" .
   [10 0 0 4 3])
  ("transform" .
   [1 0 0 0 0 0 1 0 0])
  ("Edges" .
   [1 0 3 0 1])
  ("table" .
   [11 0 0 3 0])
  ("fuel" .
   [15 0 0 0])
  ("pop" .
   [2 0 0])
  ("top" .
   [1 0 0])
  ("state" .
   [12 0 0 1 4])
  ("fill" .
   [1 0 0 0])
  ("pq" .
   [7 0])
  ("p_queue" .
   [0 0 0 0 1 0 0])
  ("prev" .
   [11 0 0 0])
  ("dijkstra" .
   [0 0 0 3 0 0 0 0])
  ("prices" .
   [0 0 0 0 1 2])
  ("1000" .
   [1 0 0 0])
  ("INF" .
   [43 0 0])
  ("100000" .
   [1 0 0 0 0 0])
  ("10" .
   [15 0])
  ("cnt" .
   [34 0 0])
  ("maxval" .
   [10 0 0 2 0 2])
  ("ALL" .
   [11 0 0])
  ("FOREACH" .
   [0 0 1 10 12 0 0])
  ("maxskill" .
   [0 0 0 0 0 1 0 0])
  ("sumteam1" .
   [3 0 0 1 0 0 0 0])
  ("sumteam2" .
   [3 0 0 0 0 2 0 0])
  ("skill" .
   [3 0 0 0 0])
  ("team2" .
   [7 0 0 0 0])
  ("team1" .
   [7 0 0 0 1])
  ("sort" .
   [3 0 0 0])
  ("players" .
   [1 0 1 4 0 0 0])
  ("typedef" .
   [2 0 0 0 0 3 14])
  ("valid" .
   [1 0 0 0 0])
  ("tlcutter" .
   [0 0 0 0 2 0 0 0])
  ("second" .
   [21 0 3 7 4 14])
  ("first" .
   [23 0 6 14 15])
  ("tlcake" .
   [1 0 0 0 1 0])
  ("bestmid" .
   [5 0 0 0 0 0 0])
  ("maxr" .
   [1 0 0 0])
  ("maxl" .
   [2 0 0 0])
  ("best" .
   [5 0 1 0])
  ("it" .
   [21 0])
  ("maxright" .
   [0 0 0 0 6 1 0 1])
  ("tmpr" .
   [1 0 0 0])
  ("tmpl" .
   [2 0 0 0])
  ("maxleft" .
   [5 0 0 0 0 5 1])
  ("tmp" .
   [14 0 0])
  ("chain" .
   [0 0 0 1 2])
  ("string" .
   [26 0 0 0 0 0])
  ("chains" .
   [15 0 1 0 0 0])
  ("diff" .
   [22 0 0 0])
  ("point" .
   [3 0 0 0 0])
  ("dist" .
   [41 0 0 3])
  ("fabs" .
   [7 0 0 0])
  ("DBL_EPSILON" .
   [0 0 0 2 0 0 0 0 0 0 0])
  ("distgap" .
   [2 0 0 0 2 0 0])
  ("checkpoints" .
   [0 0 0 0 0 0 2 1 0 0 0])
  ("begin" .
   [9 0 1 4 2])
  ("REP" .
   [142 0 1])
  ("binarySearch" .
   [0 0 1 1 0 0 0 0 0 0 0 0])
  ("scanf" .
   [49 0 1 2 2])
  ("include" .
   [12 0 0 0 2 0 0])
  ("size" .
   [67 0 5 2])
  ("scribbers" .
   [0 0 1 3 0 0 0 0 0])
  ("and" .
   [73 0 0])
  ("vector" .
   [19 0 1 26 9 3])
  ("./SAT_Solvers/Debug/combinatorial_sat" .
   [0 0 0 0 0 0 0 0 0 0 0 0 0 0 0 0 0 0 0 0 0 0 0 2 0 0 0 0 0 0 0 0 0 0 0 0 0])
  ("./SAT_Solvers/Debug/walksat_n_2" .
   [0 0 0 0 0 0 0 0 0 0 0 0 0 0 0 0 0 0 0 0 0 0 0 0 0 0 0 0 2 0 0])
  ("./SAT_Solvers/Debug/walksat" .
   [0 0 0 0 0 0 0 0 0 0 0 0 0 0 0 0 0 0 0 0 0 0 1 0 1 0 0])
  ("res" .
   [1 0 0])
  ("sed" .
   [2 0 0])
  ("done" .
   [2 0 0 0])
  ("echo" .
   [1 0 0 0])
  ("formulario" .
   [2 0 0 0 0 0 0 0 0 0])
  ("php" .
   [2 0 0])
  ("selecci" .
   [0 0 0 1 0 0 0])
  ("alert" .
   [1 0 1 0 0])
  ("seleccion" .
   [4 0 0 0 1 0 0 0 0])
  ("/div" .
   [1 0 0 0])
  ("/h1" .
   [1 0 0])
  ("h1" .
   [1 0])
  ("padding-left" .
   [0 0 0 0 0 0 1 0 0 0 0 0])
  ("margin-left" .
   [0 0 0 0 0 1 0 0 0 0 0])
  ("left" .
   [3 0 3 0])
  ("10px" .
   [2 0 0 0])
  ("margin-bottom" .
   [0 0 0 0 0 0 1 0 0 0 0 0 0])
  ("alias" .
   [3 0 0 0 0])
  ("mínimo" .
   [1 0 0 0 0 0])
  ("varias" .
   [2 0 0 0 0 0])
  ("posibles" .
   [1 0 0 0 0 0 0 0])
  ("aleatoriamente" .
   [2 0 0 0 0 0 0 0 0 0 0 0 0 0])
  ("lugar" .
   [1 0 0 0 0])
  ("consiste" .
   [3 0 0 0 0 0 0 0])
  ("modificación" .
   [2 0 0 0 0 0 0 0 0 0 0 0])
  ("menor" .
   [2 0 0 0 0])
  ("cláusula" .
   [2 0 0 0 0 0 0 0])
  ("cálcula" .
   [1 0 0 0 0 0 0])
  ("selecciona" .
   [2 0 0 0 0 0 0 0 0 0])
  ("aquella" .
   [3 0 0 0 0 0 0])
  ("todas" .
   [3 0 0 0 0])
  ("to" .
   [5 0])
  ("diferente" .
   [1 0 0 0 0 0 0 0 0])
  ("implementación" .
   [1 0 0 0 0 0 0 0 0 0 0 0 0 0])
  ("ecuación" .
   [3 0 0 0 0 0 0 0])
  ("tanto" .
   [2 0 0 0 0])
  ("Por" .
   [2 0 0])
  ("donde" .
   [1 0 0 0 0])
  ("flipear''" .
   [0 0 0 0 0 1 0 0 0])
  ("Indica" .
   [1 0 0 0 0 0])
  ("función" .
   [2 0 0 0 0 0 0])
  ("cada" .
   [1 0 0 0])
  ("ref" .
   [3 0 0])
  ("For" .
   [1 0 0])
  ("Search" .
   [1 0 0 0 0 0])
  ("search" .
   [2 0 0 0 0 0])
  ("select" .
   [2 0 0 0 0 0])
  ("initial" .
   [1 0 0 0 0 0 0])
  ("línea" .
   [3 0 0 0 0])
  ("una" .
   [9 0 0])
  ("debe" .
   [2 0 0 0])
  ("que" .
   [4 0 0])
  ("break" .
   [35 0 0 0 0])
  ("make" .
   [3 0 0 0])
  ("del" .
   [4 0 0])
  ("método" .
   [2 0 0 0 0 0])
  ("verdaderas" .
   [1 0 0 0 0 0 0 0 0 0])
  ("convierten" .
   [1 0 0 0 0 0 0 0 0 0])
  ("flip''" .
   [0 0 0 0 0 1])
  ("debido" .
   [1 0 0 0 0 0])
  ("cláusulas" .
   [0 0 0 0 1 0 0 0 1])
  ("Número" .
   [1 0 0 0 0 0])
  ("falsas" .
   [3 0 0 0 0 0])
  ("las" .
   [6 0 0])
  ("valores" .
   [4 0 0 0 0 0 0])
  ("los" .
   [3 0 0])
  ("siguientes" .
   [4 0 0 0 0 0 0 0 0 0])
  ("cálculo" .
   [1 0 0 0 0 0 0])
  ("score" .
   [16 0 0 0 0])
  ("para" .
   [3 0 0 0])
  ("variable" .
   [15 0 0 0 0 0 0 0])
  ("selección" .
   [5 0 0 0 0 0 0 0 0])
  ("Begin" .
   [1 0 0 0 0])
  ("variables" .
   [8 0 0 0 0 0 0 0 0])
  ("configuración" .
   [2 0 0 0 0 0 0 0 0 0 0 0 0])
  ("con" .
   [8 0 0])
  ("WalkSAT" .
   [1 0 0 0 4 1 0])
  ("implementaron" .
   [1 0 0 0 0 0 0 0 0 0 0 0 0])
  ("algoritmo" .
   [13 0 0 0 0 0 1 0 0])
  ("caption" .
   [1 0 0 0 0 0 0])
  ("gsat" .
   [4 0 0 0])
  ("label" .
   [2 0 0 0 0])
  ("figure" .
   [1 0 0 0 0 0])
  ("core" .
   [1 0 0 0])
  ("algoritmos" .
   [4 0 0 0 0 0 0 0 0 0])
  ("GSAT" .
   [8 0 0 0])
  ("emph" .
   [8 0 0 0])
  ("with" .
   [1 0 0 0])
  ("number" .
   [2 0 0 0 0 14])
  ("the" .
   [1 0 0])
  ("that" .
   [1 0 0 0])
  ("selected" .
   [1 0 0 0 0 0 0 0])
  ("randomly" .
   [1 0 0 0 0 0 0 0])
  ("Return" .
   [0 0 1 0 1 0])
  ("maxSteps" .
   [0 0 0 1 0 0 0 0])
  ("extend" .
   [0 0 0 0 0 1])
  ("bucket" .
   [0 0 0 0 2 0])
  ("math" .
   [2 0 0 0])
  ("amount" .
   [0 0 1 1 0 0])
  ("max" .
   [30 0 0])
  ("buckets" .
   [1 0 1 0 1 1 0])
  ("BucketSort" .
   [0 0 0 0 1 1 0 0 0 0])
  ("RadixSori" .
   [0 0 0 0 0 0 0 1 0])
  ("group" .
   [0 0 0 0 1])
  ("index" .
   [6 0 0 1 3])
  ("posicion" .
   [1 0 0 0 0 0 0 0])
  ("groups" .
   [2 0 1 1 0 2])
  ("digit" .
   [1 0 0 0 1])
  ("Sort" .
   [2 0 0 1])
  ("Radix" .
   [0 0 0 2 0])
  ("QuickSort" .
   [0 0 0 0 0 1 0 0 0])
  ("temp" .
   [9 0 0 1])
  ("value" .
   [11 0 0 0 0])
  ("CountingSort" .
   [0 0 0 1 0 0 0 0 0 0 0 0])
  ("Counting" .
   [0 0 0 0 1 0 0 0])
  ("str" .
   [10 0 0])
  ("RecursivePower" .
   [0 0 0 0 2 1 0 0 0 0 0 0 0 0])
  ("return" .
   [127 0 0 2 3 4])
  ("Recursive" .
   [0 0 0 0 0 0 1 0 0])
  ("append" .
   [5 0 0 0 0 0])
  ("Merge" .
   [2 0 0 1 0])
  ("notify" .
   [1 0 0 0 0 0])
  ("gmail" .
   [2 0 0 0 0])
  ("gmail_password" .
   [0 0 0 0 0 0 0 0 1 0 0 0 0 0])
  ("gmail_login" .
   [0 0 0 0 0 0 0 0 0 1 0])
  ("info" .
   [4 0 0 0])
  ("print" .
   [21 0 0 4 0])
  ("page" .
   [1 0 0 0])
  ("import" .
   [1 0 0 0 0 1])
  ("Edificacion" .
   [1 0 0 0 0 0 0 0 0 0 0])
  ("MakeTuple" .
   [0 0 0 0 0 1 0 0 0])
  ("Ascensor" .
   [1 0 0 0 0 0 0 0])
  ("Ascensores.I" .
   [1 0 0 0 0 0 0 0 0 0 0 0])
  ("detenido" .
   [1 0 0 0 0 0 0 0])
  ("Controlador" .
   [0 0 0 0 0 0 1 0 0 0 0])
  ("for" .
   [80 0 0])
  ("Pisos" .
   [4 0 0 0 0])
  ("proc" .
   [1 0 0 0])
  ("true" .
   [62 0 1 0])
  ("paso" .
   [2 0 0 0])
  ("false" .
   [57 0 1 0 0])
  ("nil" .
   [3 0 0])
  ("Wait" .
   [1 0 0 0])
  ("NewPos" .
   [5 0 0 0 0 0])
  ("IdC" .
   [6 0 0])
  ("Not" .
   [1 0 0])
  ("AgregueDeUltimo" .
   [0 0 0 0 1 0 0 0 0 0 0 0 0 0 0])
  ("Plan2" .
   [3 0 0 0 0])
  ("else" .
   [75 0 0 2])
  ("Plan" .
   [5 0 0 0])
  ("Pos" .
   [2 0 0])
  ("EnMov" .
   [2 0 0 0 1])
  ("andthen" .
   [0 0 1 0 0 0 0])
  ("IdPiso" .
   [1 0 0 1 1 0])
  ("5000" .
   [2 0 0 0])
  ("iniciotemporizador" .
   [0 0 0 0 0 0 0 0 0 1 0 0 0 0 1 0 0 0])
  ("IdT" .
   [2 0 0])
  ("Send" .
   [7 0 0 0])
  ("Num" .
   [6 0 0])
  ("Piso" .
   [2 0 0 0])
  ("el" .
   [12 0])
  ("en" .
   [1 0])
  ("then" .
   [17 0 0 0])
  ("EstP" .
   [1 0 0 0])
  ("case" .
   [6 0 0 1])
  ("Msj" .
   [3 0 1])
  ("estado" .
   [17 0 0 1 0 0])
  ("fun" .
   [2 0 0])
  ("Inic" .
   [2 0 0 0])
  ("NuevoObjetoPuerto" .
   [0 0 0 0 0 0 0 0 1 0 0 0 0 0 0 0 1])
  ("Ascensores" .
   [1 0 0 0 0 0 1 0 0 3])
  ("AsAzar" .
   [0 0 0 0 0 1])
  ("piso" .
   [2 0 0 0])
  ("solicitado" .
   [3 0 0 0 0 0 0 0 0 0])
  ("llegada" .
   [3 0 0 1 0 0 0])
  ("Browse" .
   [3 0 0 1 0 0])
  ("puertasabiertas" .
   [0 0 0 1 1 1 0 1 0 0 0 0 0 0 0])
  ("llamado" .
   [2 0 0 0 0 0 0])
  ("fintemporizador" .
   [0 0 0 0 0 0 0 0 0 1 0 0 0 0 0])
  ("nosolicitado" .
   [1 0 0 0 0 0 1 0 0 0 0 0])
  ("end" .
   [63 0 0])
  ("source" .
   [2 0 0 0 0 0])
  ("Xilinx_Path" .
   [0 0 0 1 1 0 0 1 0 0 0])
  ("def" .
   [14 0 0])
  ("range" .
   [11 0 0 0 0])
  ("len" .
   [10 0 0])
  ("while" .
   [59 0 0 0 0])
  ("key" .
   [2 0 0])
  ("InsertionSort" .
   [0 0 0 0 1 1 0 0 0 0 0 0 0])
  ("data" .
   [9 0 3 1])
  ("BubbleSort" .
   [0 0 2 1 0 0 0 0 0 0])
  ("in" .
   [9 0])
  ("if" .
   [292 0])
  ("Swap" .
   [2 0 0 1])
  ("temp1" .
   [0 0 0 1 0])
  ("int" .
   [401 0 0])
  ("MergeSort" .
   [0 0 0 1 0 0 0 2 0])
  ("mkdir" .
   [1 0 0 0 0])
  ("Algorithm" .
   [1 0 0 0 1 1 0 0 1])
  ("Fibonacci" .
   [0 0 0 0 0 0 2 0 0])
  ("fib_table" .
   [0 0 0 1 2 1 0 0 0])
  ("labs" .
   [1 0 0 0])
  ("double" .
   [56 0 1 3 1 0])
  ("usuario" .
   [0 0 0 0 1 0 0])
  ("formulario_id" .
   [0 0 0 0 1 0 0 0 0 0 0 0 0])
  ("usuario_id" .
   [0 0 1 0 0 0 0 0 0 0])
  ("div" .
   [5 0 0])
  ("id=" .
   [2 0 0])
  ("file" .
   [5 0 0 0])
  ("cantidad" .
   [3 0 0 0 0 0 1 0])
  ("cantidad/2" .
   [1 0 0 0 0 0 0 0 0 0])
  ("./SAT_Solvers/Debug/gsat" .
   [0 0 0 0 0 0 0 0 0 0 0 0 0 0 0 0 0 0 0 0 0 0 1 1])
  ("./SAT_Solvers/Debug/make_sat" .
   [0 0 0 0 0 0 0 0 0 0 0 0 0 0 0 0 0 0 0 0 0 0 0 0 0 2 0 0])
  ("/opt/mozart/" .
   [0 0 0 0 0 0 0 1 0 0 0 0])
  ("sumfirst" .
   [0 0 0 0 0 0 1 1])
  ("sum" .
   [35 0 0])
  ("sizeof" .
   [9 0 0 0 13 3])
  ("cerr" .
   [33 0 0 0])
  ("mid" .
   [35 0 0])
  ("endl" .
   [43 0 0 0])
  ("bool" .
   [44 0 0 0])
  ("check" .
   [5 0 2 1 1])
  ("ret" .
   [15 0 0])
  ("or" .
   [24 0])
  ("ans" .
   [92 0 0])
  ("subsum" .
   [1 0 0 2 1 1])
  ("printf" .
   [12 0 0 13 9 4])
  ("cin" .
   [21 0 0])
  ("posp" .
   [7 0 0 0])
  ("posd" .
   [8 0 0 0])
  ("bijus" .
   [2 0 0 0 0])
  ("timer" .
   [2 0 0 0 0])
  ("cout" .
   [33 0 0 1])
  ("solve" .
   [11 0 0 0 0])
  ("items" .
   [2 0 0 0 0])
  ("101" .
   [5 0 0])
  ("memo" .
   [19 0 0 0])
  ("define" .
   [12 0 0 0 1 0])
  ("const" .
   [24 0 0 3 2])
  ("cont_prob" .
   [0 0 0 0 0 4 1 1 3])
  ("p_black" .
   [0 0 0 1 1 1 0])
  ("p_white" .
   [0 0 0 1 2 0 0])
  ("map" .
   [7 0 0])
  ("pair" .
   [17 0 1 2])
  ("args" .
   [7 0 0 0])
  ("eps" .
   [2 0 0])
  ("visited" .
   [0 0 4 31 31 0 0])
  ("find" .
   [9 0 0 0])
  ("npos" .
   [2 0 0 0])
  ("continue" .
   [16 0 0 0 1 2 1 0])
  ("bestpair" .
   [2 0 0 0 0 0 1 0])
  ("parent" .
   [8 0 2 4 6 2])
  ("push" .
   [6 0 0 5])
  ("iii" .
   [1 0 0])
  ("graph" .
   [3 0 3 9 1])
  ("ii" .
   [20 0])
  ("kruskal" .
   [0 0 1 0 0 0 0])
  ("edges" .
   [13 0 0 0 1])
  ("minEdge" .
   [0 0 0 0 3 2 2])
  ("min" .
   [17 0 0])
  ("pertenece" .
   [0 0 0 0 1 0 0 0 0])
  ("vii" .
   [1 0 0])
  ("from" .
   [26 0 0 0])
  ("empty" .
   [3 0 0 0 0])
  ("tree" .
   [37 0 0 0])
  ("push_back" .
   [4 0 0 9 6 4 2 3 0])
  ("Node" .
   [1 0 0 0])
  ("ady" .
   [7 0 1])
  ("dfs" .
   [15 0 0])
  ("node" .
   [29 0 0 0])
  ("void" .
   [12 0 0 0])
  ("800" .
   [4 0 0])
  ("memset" .
   [1 0 1 5 7 4])
  ("conected" .
   [0 0 0 0 4 1 0 0])
  ("connected" .
   [0 0 0 0 2 0 0 0 0])
  ("Graph" .
   [3 0 0 4 0])
  ("resize" .
   [4 0 0 0 1 0])
  ("200" .
   [5 0 0])
  ("MAXN" .
   [44 0 2 6])
  ("color" .
   [10 0 0 1 1])
  ("colors" .
   [3 0 0 0 0 0])
  ("clear" .
   [8 0 0 0 0])
  ("no" .
   [1 0])
  ("long" .
   [78 0 0 0])
  ("factors" .
   [0 0 0 3 2 0 1])
  ("turn" .
   [8 0 0 0])
  ("ReadNext" .
   [0 0 1 6 2 1 0 0])
  ("ios_base" .
   [0 0 0 0 0 0 1 1])
  ("gcd" .
   [4 0 0])
  ("ord" .
   [3 0 0])
  ("ison" .
   [4 0 0 0])
  ("conflict" .
   [1 0 0 0 0 0 1 0])
  ("forbiddens" .
   [0 0 0 0 0 1 0 0 0 0])
  ("on" .
   [5 0])
  ("edge" .
   [1 0 0 0])
  ("val" .
   [7 0 0])
  ("stack" .
   [0 0 0 4 1])
  ("length" .
   [0 0 1 1 1 0])
  ("seq" .
   [4 0 0])
  ("imax" .
   [6 0 0 0])
  ("cpy" .
   [3 0 0])
  ("mode" .
   [3 0 0 0])
  ("last" .
   [11 0 0 1])
  ("line" .
   [12 0 0 0])
  ("lws" .
   [7 0 0])
  ("this" .
   [2 0 0 0])
  ("pred" .
   [1 0 0 0])
  ("1LL" .
   [1 0 0])
  ("dir" .
   [5 0 0])
  ("dirs" .
   [9 0 0 0])
  ("cmd" .
   [2 0 0])
  ("id" .
   [21 0])
  ("path" .
   [0 0 0 3])
  ("split" .
   [1 0 0 0 0])
  ("int64" .
   [3 0 0 0 0])
  ("numbers" .
   [5 0 0 0 0 6 1])
  ("numeric" .
   [0 0 0 4 5 0 0])
  ("maxid" .
   [2 0 0 0 0])
  ("pairs" .
   [2 0 0 1 0])
  ("ini" .
   [2 0 0])
  ("col" .
   [11 0 0])
  ("acu" .
   [3 0 0])
  ("days" .
   [3 0 0 0])
  ("dayset" .
   [1 0 0 0 0 2])
  ("notOnThisDay" .
   [0 0 0 0 0 2 0 0 0 0 0 0])
  ("static" .
   [1 0 0 0 0 0])
  ("Edge" .
   [5 0 2 2])
  ("struct" .
   [3 0 0 0 0 0])
  ("fpos" .
   [6 0 0 0])
  ("tpos" .
   [6 0 0 0])
  ("list" .
   [1 0 0 0])
  ("type" .
   [5 0 0 0])
  ("start" .
   [24 0 0 0 1])
  ("MAXP" .
   [1 0 0 0])
  ("19" .
   [3 0])
  ("criba" .
   [2 0 0 0 0])
  ("generatePrimes" .
   [0 0 0 0 2 0 0 0 0 0 1 0 0 0])
  ("primes" .
   [1 0 0 0 3 2])
  ("lowercase" .
   [0 0 0 1 0 0 0 0 0])
  ("lower_bound" .
   [0 0 0 0 0 0 0 1 0 0 0])
  ("insert" .
   [1 0 0 0 3 0])
  ("games" .
   [5 0 0 1 1])
  ("midPoint" .
   [0 0 0 2 0 0 0 0])
  ("Am" .
   [5 0])
  ("Cm" .
   [3 0])
  ("calculateCenter" .
   [0 0 0 0 2 0 0 0 0 0 0 0 0 0 0])
  ("center" .
   [0 0 0 2 0 4])
  ("idx" .
   [5 0 0])
  ("palindrome" .
   [0 0 0 0 1 0 0 0 0 0])
  ("_stk" .
   [6 0 0 0])
  ("NULL" .
   [4 0 0 0])
  ("strtok" .
   [0 0 0 0 0 1])
  ("front" .
   [1 0 0 0 0])
  ("readint" .
   [0 0 0 0 5 1 0])
  ("gets" .
   [1 0 0 0])
  ("num" .
   [1 0 0])
  ("goal" .
   [2 0 0 0])
  ("printPath" .
   [0 0 0 0 0 0 1 1 0])
  ("cases" .
   [6 0 0 0 0])
  ("255" .
   [5 0 0])
  ("cities" .
   [3 0 0 0 3 2])
  ("count" .
   [1 0 0 0 0])
  ("tolower" .
   [0 0 0 0 0 1 0])
  ("operator" .
   [0 0 0 1 0 0 0 5])
  ("result" .
   [9 0 0 4 2 3])
  ("operators" .
   [2 0 0 0 0 0 0 0 0])
  ("parity" .
   [0 0 0 0 0 3])
  ("leadingzeros" .
   [0 0 0 0 1 1 1 0 0 0 0 0])
  ("highest" .
   [2 0 1 5 1 0 0])
  ("his" .
   [1 0 0])
  ("signo" .
   [2 0 0 0 0])
  ("sign" .
   [0 0 0 1])
  ("abs" .
   [2 0 0])
  ("up" .
   [4 0])
  ("lo" .
   [2 0])
  ("INFLL" .
   [2 0 0 0 0])
  ("Ext" .
   [2 0 1])
  ("sm" .
   [1 0])
  ("load" .
   [1 0 0 0])
  ("var" .
   [1 0 0])
  ("dirname" .
   [1 0 0 0 0 0 0])
  ("__FILE__" .
   [0 0 0 0 0 0 1 0])))
